,RD\LINC\steps\Ateamclipper.cwl,RD\LINC\steps\H5ParmCollector.cwl,RD\LINC\steps\LoSoTo.ClockTec.cwl,RD\LINC\steps\LoSoTo.Duplicate.cwl,RD\LINC\steps\LoSoTo.Faraday.cwl,RD\LINC\steps\LoSoTo.Flag.cwl,RD\LINC\steps\LoSoTo.FlagStation.cwl,RD\LINC\steps\LoSoTo.Flagextend.cwl,RD\LINC\steps\LoSoTo.Interpolate.cwl,RD\LINC\steps\LoSoTo.Norm.cwl,RD\LINC\steps\LoSoTo.Plot.cwl,RD\LINC\steps\LoSoTo.Polalign.cwl,RD\LINC\steps\LoSoTo.Replicate.cwl,RD\LINC\steps\LoSoTo.Reset.cwl,RD\LINC\steps\LoSoTo.Residual.cwl,RD\LINC\steps\LoSoTo.Reweight.cwl,RD\LINC\steps\LoSoTo.Smooth.cwl,RD\LINC\steps\LoSoTo.Structure.cwl,RD\LINC\steps\add_missing_stations.cwl,RD\LINC\steps\aoflag.cwl,RD\LINC\steps\applybeam.cwl,RD\LINC\steps\applycal.cwl,RD\LINC\steps\applytarget.cwl,RD\LINC\steps\average.cwl,RD\LINC\steps\blank_image_reg.cwl,RD\LINC\steps\blsmooth.cwl,RD\LINC\steps\check_ateam_separation.cwl,RD\LINC\steps\check_demix.cwl,RD\LINC\steps\check_filtered_MS_array.cwl,RD\LINC\steps\check_removed_groups.cwl,RD\LINC\steps\check_unflagged_fraction.cwl,RD\LINC\steps\collectfiles.cwl,RD\LINC\steps\compare_station_list.cwl,RD\LINC\steps\compress.cwl,RD\LINC\steps\concatenate_files.cwl,RD\LINC\steps\createRMh5parm.cwl,RD\LINC\steps\ddecal.cwl,RD\LINC\steps\ddecal_array.cwl,RD\LINC\steps\dp3_addcol.cwl,RD\LINC\steps\dp3_make_parset_cal.cwl,RD\LINC\steps\dp3_make_parset_target.cwl,RD\LINC\steps\dp3_prep_cal.cwl,RD\LINC\steps\dp3_prep_target.cwl,RD\LINC\steps\dp3concat.cwl,RD\LINC\steps\fetch_data.cwl,RD\LINC\steps\fetch_file.cwl,RD\LINC\steps\filter_ms_group.cwl,RD\LINC\steps\filter_predict.cwl,RD\LINC\steps\findRefAnt_join.cwl,RD\LINC\steps\find_skymodel_cal.cwl,RD\LINC\steps\find_skymodel_target.cwl,RD\LINC\steps\format_quality.cwl,RD\LINC\steps\getFWHM.cwl,RD\LINC\steps\get_targetname.cwl,RD\LINC\steps\h5parm_pointingname.cwl,RD\LINC\steps\h5parmcat.cwl,RD\LINC\steps\identify_bad_antennas.cwl,RD\LINC\steps\identify_bad_antennas_join.cwl,RD\LINC\steps\list_directory.cwl,RD\LINC\steps\list_directory_files.cwl,RD\LINC\steps\make_beam_reg.cwl,RD\LINC\steps\make_mask.cwl,RD\LINC\steps\merge_array.cwl,RD\LINC\steps\merge_array_files.cwl,RD\LINC\steps\merge_skymodels.cwl,RD\LINC\steps\mslin2circ.cwl,RD\LINC\steps\plot_Ateamclipper.cwl,RD\LINC\steps\plot_demix.cwl,RD\LINC\steps\plot_unflagged.cwl,RD\LINC\steps\predict.cwl,RD\LINC\steps\read_surl_list.cwl,RD\LINC\steps\selectfirstdirectory.cwl,RD\LINC\steps\sort_times_into_freqGroups.cwl,RD\LINC\steps\summary.cwl,RD\LINC\steps\taql.cwl,RD\LINC\steps\taql_copy.cwl,RD\LINC\steps\transfer_solutions.cwl,RD\LINC\steps\uvplot.cwl,RD\LINC\steps\wsclean.cwl,RD\LINC\workflows\HBA_calibrator.cwl,RD\LINC\workflows\HBA_target.cwl,RD\LINC\workflows\HBA_target_VLBI.cwl,RD\LINC\workflows\LBA_calibrator.cwl,RD\LINC\workflows\LBA_target.cwl,RD\LINC\workflows\ldv_linc_calibrator.cwl,RD\LINC\workflows\ldv_linc_target.cwl,RD\LINC\workflows\linc_calibrator.cwl,RD\LINC\workflows\linc_calibrator\apply_calibrate_bp.cwl,RD\LINC\workflows\linc_calibrator\apply_calibrate_fr.cwl,RD\LINC\workflows\linc_calibrator\apply_pa.cwl,RD\LINC\workflows\linc_calibrator\bandpass.cwl,RD\LINC\workflows\linc_calibrator\bp.cwl,RD\LINC\workflows\linc_calibrator\clocktec.cwl,RD\LINC\workflows\linc_calibrator\dp3_prep_cal.cwl,RD\LINC\workflows\linc_calibrator\faraday_rotation.cwl,RD\LINC\workflows\linc_calibrator\fr.cwl,RD\LINC\workflows\linc_calibrator\ion.cwl,RD\LINC\workflows\linc_calibrator\pa.cwl,RD\LINC\workflows\linc_calibrator\pol_align.cwl,RD\LINC\workflows\linc_calibrator\predict_calibrate.cwl,RD\LINC\workflows\linc_calibrator\prep.cwl,RD\LINC\workflows\linc_calibrator\prep_fr.cwl,RD\LINC\workflows\linc_target.cwl,RD\LINC\workflows\linc_target\amplitude.cwl,RD\LINC\workflows\linc_target\apply_calibrate_tec.cwl,RD\LINC\workflows\linc_target\calib_targ.cwl,RD\LINC\workflows\linc_target\concat.cwl,RD\LINC\workflows\linc_target\corrupt_model.cwl,RD\LINC\workflows\linc_target\dp3_prep_targ.cwl,RD\LINC\workflows\linc_target\finalize.cwl,RD\LINC\workflows\linc_target\fr.cwl,RD\LINC\workflows\linc_target\gsmcal.cwl,RD\LINC\workflows\linc_target\imaging_subtract.cwl,RD\LINC\workflows\linc_target\predict_calibrate_fr.cwl,RD\LINC\workflows\linc_target\prep.cwl,RD\LINC\workflows\linc_target\selfcal_targ_hba.cwl,RD\LINC\workflows\linc_target\selfcal_targ_lba.cwl,RD\LINC\workflows\linc_target\tec_and_amp.cwl,ldv\imaging_compress_pipeline\aggregate_and_plot.cwl,ldv\imaging_compress_pipeline\compress_pipeline.cwl,ldv\imaging_compress_pipeline\download_and_compress_pipeline.cwl,ldv\imaging_compress_pipeline\steps\DPPP.cwl,ldv\imaging_compress_pipeline\steps\combine_inspect_dataset.cwl,ldv\imaging_compress_pipeline\steps\compress.cwl,ldv\imaging_compress_pipeline\steps\create_inspect_dataset.cwl,ldv\imaging_compress_pipeline\steps\define_parset.cwl,ldv\imaging_compress_pipeline\steps\extract_quality_metrics.cwl,ldv\imaging_compress_pipeline\steps\extract_sip_meta.cwl,ldv\imaging_compress_pipeline\steps\fetch_data.cwl,ldv\imaging_compress_pipeline\steps\fix_antenna_information_2013.cwl,ldv\imaging_compress_pipeline\steps\fix_antenna_information_2015.cwl,ldv\imaging_compress_pipeline\steps\fix_long_baselines.cwl,ldv\imaging_compress_pipeline\steps\fix_weightissue_flagging.cwl,ldv\imaging_compress_pipeline\steps\format_ingest.cwl,ldv\imaging_compress_pipeline\steps\format_metrics.cwl,ldv\imaging_compress_pipeline\steps\identify_issues.cwl,ldv\imaging_compress_pipeline\steps\inspect_compression_quality.cwl,ldv\imaging_compress_pipeline\steps\inspect_flagging_dataloss.cwl,ldv\imaging_compress_pipeline\steps\plot_uvw_coverage.cwl,ldv\imaging_compress_pipeline\steps\read_surl_list.cwl,ldv\imaging_compress_pipeline\workflows\inspect_workflow.cwl
RD\LINC\steps\Ateamclipper.cwl,-1.0,0.0,0.0,0.0,0.0,0.0,0.0,0.0,0.0,0.0,0.0,0.0,0.0,0.0,0.0,0.0,0.0,0.0,0.0,0.0,0.0,0.0,0.0,0.0,0.0,0.0,0.0,0.0,0.0,0.0,0.0,0.0,0.0,0.0,28.0,0.0,0.0,0.0,0.0,0.0,0.0,0.0,2.5,0.0,0.14285714285714285,0.0,0.0,13.0,0.0,0.0,0.0,0.0,0.0,0.0,0.0,0.0,0.0,0.0,0.0,0.0,0.0,0.0,0.0,0.0,0.0,0.0,5.0,0.0,0.0,0.0,0.0,0.0,0.0,0.0,0.0,0.0,0.0,0.0,0.0,0.0,4.0,4.0,0.0,3.0,0.0,4.0,0.0,0.0,0.0,0.0,0.0,0.0,0.0,0.0,0.0,0.0,0.0,0.0,0.0,0.0,0.0,0.0,5.0,0.0,0.0,0.0,0.0,0.0,5.0,0.0,0.0,0.0,0.0,0.0,5.0,0.0,0.0,0.0,-1.0,-1.0,-1.0,-1.0,-1.0,-1.0,-1.0,-1.0,-1.0,-1.0,-1.0,-1.0,-1.0,-1.0,-1.0,-1.0,-1.0,-1.0,-1.0,-1.0,-1.0,-1.0,-1.0
RD\LINC\steps\H5ParmCollector.cwl,0.0,-1.0,1.25,31.641666666666666,5.571428571428571,1.25,1.375,0.5,0.2727272727272727,8.0,303.91282051282053,4.75,10.666666666666666,6.583333333333333,8.095238095238095,0.42857142857142855,1.3833333333333333,0.0,86.9,2.6666666666666665,0.5714285714285714,9.666666666666666,0.0,0.0,0.0,10.0,0.0,0.0,4.0,0.0,3.0,0.0,7.25,0.0,189.96428571428572,0.2727272727272727,158.77272727272728,17.0,1.3333333333333333,0.0,0.0,0.0,0.0,2.1818181818181817,0.8591703618019407,0.0,0.0,0.0,0.8999999999999999,2.136904761904762,1.35,0.0,0.0,0.85,0.6666666666666666,4.578388278388278,0.0,0.0,0.0,0.0,0.0,0.0,3.4285714285714284,0.0,0.0,0.8,0.0,0.0,0.0,2.9285714285714284,0.0,1.8333333333333335,0.0,0.0,2.0,0.0,1.0,0.0,2.625,15.0,27.0,18.0,10.0,18.0,15.0,27.0,15.0,7.0,7.0,9.0,2.5,12.0,2.5,0.0,19.166666666666668,17.0,10.0,15.0,9.5,8.045454545454545,4.420454545454545,2.0,27.0,32.0,106.0,15.0,2.1818181818181817,0.0,0.0,7.0,2.7142857142857144,26.0,0.625,16.0,1.6227272727272726,13.0,31.0,21.0,-1.0,-1.0,-1.0,-1.0,-1.0,-1.0,-1.0,-1.0,-1.0,-1.0,-1.0,-1.0,-1.0,-1.0,-1.0,-1.0,-1.0,-1.0,-1.0,-1.0,-1.0,-1.0,-1.0
RD\LINC\steps\LoSoTo.ClockTec.cwl,0.0,1.25,-1.0,18.0,0.0,0.0,1.25,0.0,0.0,0.0,4.0,0.0,0.0,0.0,1.6666666666666667,0.0,4.5,0.0,0.0,0.0,0.0,0.42857142857142855,0.0,0.0,0.0,0.5,0.0,0.0,0.0,0.0,0.0,0.0,0.0,0.0,0.0,0.0,1.0,0.0,0.0,0.0,0.0,0.0,0.0,0.0,0.058823529411764705,0.0,0.0,0.0,0.0,0.25,0.0,0.0,0.0,0.0,0.3,0.8,0.0,0.0,0.0,0.0,0.0,0.0,0.0,0.0,0.0,0.0,0.0,0.0,0.0,0.0,0.0,0.23076923076923078,0.0,0.0,0.0,0.0,0.3333333333333333,0.0,0.0,6.0,0.0,0.0,3.0,0.0,4.0,0.0,6.0,1.0,0.0,0.0,0.0,1.25,6.0,0.0,0.0,0.0,6.0,0.0,0.0,0.0,0.25,0.0,0.0,0.0,0.0,0.0,0.0,0.0,0.0,0.0,0.0,0.0,0.0,0.0,0.0,0.0,0.0,0.0,-1.0,-1.0,-1.0,-1.0,-1.0,-1.0,-1.0,-1.0,-1.0,-1.0,-1.0,-1.0,-1.0,-1.0,-1.0,-1.0,-1.0,-1.0,-1.0,-1.0,-1.0,-1.0,-1.0
RD\LINC\steps\LoSoTo.Duplicate.cwl,0.0,31.641666666666666,18.0,-1.0,14.5,10.25,9.166666666666668,6.166666666666667,3.0,19.0,22.066666666666666,9.0,38.0,28.0,3.0476190476190474,10.25,23.75,0.0,10.666666666666666,1.0909090909090908,0.3,1.9204545454545454,0.0,0.0,0.0,1.9285714285714284,0.0,0.0,1.5,0.0,1.2,0.0,2.5,0.0,57.333333333333336,0.0,20.797619047619047,1.25,0.5,0.0,0.0,0.0,0.0,0.9230769230769231,0.3293350168350168,0.0,0.0,0.0,0.39743589743589747,1.4213727449021567,0.0,0.0,0.0,0.0,0.606060606060606,2.4057692307692307,0.0,0.0,0.0,0.0,0.0,0.0,1.3333333333333333,0.0,0.0,0.375,0.0,0.0,0.0,1.15,0.0,1.3030538302277432,0.0,0.0,0.6,0.0,1.2464285714285714,0.0,0.0,18.0,9.0,6.0,12.0,6.0,18.0,9.0,18.0,1.75,1.5833333333333333,0.6,6.0,8.266666666666667,6.0,0.0,2.5476190476190474,5.041666666666667,6.0,4.666666666666667,3.0,1.8364661654135337,2.756629335576704,0.6,9.0,3.0,10.666666666666666,0.0,0.9230769230769231,0.0,0.0,0.0,2.0,9.0,0.0,5.333333333333333,0.0,0.0,9.0,3.0,-1.0,-1.0,-1.0,-1.0,-1.0,-1.0,-1.0,-1.0,-1.0,-1.0,-1.0,-1.0,-1.0,-1.0,-1.0,-1.0,-1.0,-1.0,-1.0,-1.0,-1.0,-1.0,-1.0
RD\LINC\steps\LoSoTo.Faraday.cwl,0.0,5.571428571428571,0.0,14.5,-1.0,0.2727272727272727,0.25,0.23076923076923078,0.16666666666666666,0.0,11.7,0.0,0.0,28.0,28.0,0.21428571428571427,0.5218653250773994,0.0,8.0,0.3076923076923077,0.25,2.314102564102564,0.0,0.0,0.0,0.8,0.0,0.0,0.4,0.0,0.3333333333333333,0.0,0.625,0.0,30.887012987012987,0.0,4.804166666666667,0.8333333333333334,0.375,0.0,0.0,0.0,0.0,1.0666666666666667,0.125,0.0,0.0,0.0,4.166666666666667,0.5864661654135338,0.0,0.0,0.0,0.0,0.6,4.9,0.0,0.0,0.0,0.0,0.0,0.0,0.36363636363636365,0.0,0.0,0.3,0.0,0.0,0.0,0.7764705882352941,0.0,0.525,0.0,0.0,0.42857142857142855,0.0,0.13636363636363635,0.0,0.0,4.0,4.0,2.0,2.0,2.0,4.0,4.0,4.0,0.375,2.3333333333333335,0.42857142857142855,0.3333333333333333,2.8452380952380953,0.0,0.0,5.0,4.0,0.0,1.0,0.0,0.9375,0.9375,0.42857142857142855,4.0,0.0,0.0,0.0,1.0666666666666667,0.0,0.0,0.0,2.0,4.0,0.0,3.2,0.0,0.0,4.0,0.0,-1.0,-1.0,-1.0,-1.0,-1.0,-1.0,-1.0,-1.0,-1.0,-1.0,-1.0,-1.0,-1.0,-1.0,-1.0,-1.0,-1.0,-1.0,-1.0,-1.0,-1.0,-1.0,-1.0
RD\LINC\steps\LoSoTo.Flag.cwl,0.0,1.25,0.0,10.25,0.2727272727272727,-1.0,9.0,2.5,0.7142857142857143,0.0,3.5555555555555554,0.0,0.0,0.0,0.3,1.6666666666666667,2.4583333333333335,0.0,0.0,0.0,0.0,0.42857142857142855,0.0,0.0,0.0,0.5,0.0,0.0,0.0,0.0,0.0,0.0,0.0,0.0,3.2,0.0,1.0,0.0,0.0,0.0,0.0,0.0,0.0,0.0,0.043478260869565216,0.0,0.0,0.0,0.21428571428571427,0.16666666666666666,0.0,0.0,0.0,0.0,0.0,0.7777777777777778,0.0,0.0,0.0,0.0,0.0,0.0,0.0,0.0,0.0,0.0,0.0,0.0,0.0,0.1875,0.0,0.15789473684210525,0.0,0.0,0.0,0.0,0.36363636363636365,0.0,0.0,3.0,0.0,0.0,2.0,0.0,3.0,0.0,3.0,0.0,1.0,0.0,3.0,3.0,0.0,0.0,0.3,1.25,0.0,0.0,0.0,0.2,0.2,0.0,0.0,0.0,0.0,0.0,0.0,0.0,0.0,0.0,0.0,0.0,0.0,0.0,0.0,0.0,0.0,0.0,-1.0,-1.0,-1.0,-1.0,-1.0,-1.0,-1.0,-1.0,-1.0,-1.0,-1.0,-1.0,-1.0,-1.0,-1.0,-1.0,-1.0,-1.0,-1.0,-1.0,-1.0,-1.0,-1.0
RD\LINC\steps\LoSoTo.FlagStation.cwl,0.0,1.375,1.25,9.166666666666668,0.25,9.0,-1.0,9.0,1.5,0.0,39.0,0.0,0.0,0.0,9.272727272727273,4.5,7.264285714285714,0.0,0.0,0.0,0.0,0.6477272727272727,0.0,0.0,0.0,0.7285714285714285,0.0,0.0,0.0,0.0,0.0,0.0,0.0,0.0,6.555555555555555,0.0,1.1666666666666667,0.0,0.0,0.0,0.0,0.0,0.0,0.0,0.08928571428571427,0.0,0.0,0.0,0.2,0.34539473684210525,0.0,0.0,0.0,0.0,0.21428571428571427,7.8,0.0,0.0,0.0,0.0,0.0,0.0,0.0,0.0,0.0,0.0,0.0,0.0,0.0,0.17647058823529413,0.0,0.3264705882352941,0.0,0.0,0.0,0.0,0.6307692307692307,0.0,0.0,9.0,0.0,0.0,4.0,0.0,6.0,0.0,9.0,0.3333333333333333,0.8333333333333334,0.0,5.0,5.375,5.0,0.0,0.2727272727272727,1.0,4.0,0.0,0.0,0.1875,0.375,0.0,0.0,0.0,0.0,0.0,0.0,0.0,0.0,0.0,0.0,0.0,0.0,0.0,0.0,0.0,0.0,0.0,-1.0,-1.0,-1.0,-1.0,-1.0,-1.0,-1.0,-1.0,-1.0,-1.0,-1.0,-1.0,-1.0,-1.0,-1.0,-1.0,-1.0,-1.0,-1.0,-1.0,-1.0,-1.0,-1.0
RD\LINC\steps\LoSoTo.Flagextend.cwl,0.0,0.5,0.0,6.166666666666667,0.23076923076923078,2.5,9.0,-1.0,1.8,0.0,4.571428571428571,0.0,0.0,0.0,0.25,9.0,6.083333333333333,0.0,0.0,0.0,0.0,0.3333333333333333,0.0,0.0,0.0,0.375,0.0,0.0,0.0,0.0,0.0,0.0,0.0,0.0,4.0,0.0,0.42857142857142855,0.0,0.0,0.0,0.0,0.0,0.0,0.0,0.04,0.0,0.0,0.0,0.1875,0.15,0.0,0.0,0.0,0.0,0.0,0.8441558441558441,0.0,0.0,0.0,0.0,0.0,0.0,0.0,0.0,0.0,0.0,0.0,0.0,0.0,0.16666666666666666,0.0,0.14285714285714285,0.0,0.0,0.0,0.0,0.4444444444444444,0.0,0.0,4.0,0.0,0.0,2.0,0.0,3.0,0.0,4.0,0.0,0.42857142857142855,0.0,4.0,4.0,0.0,0.0,0.25,0.5,0.0,0.0,0.0,0.17647058823529413,0.17647058823529413,0.0,0.0,0.0,0.0,0.0,0.0,0.0,0.0,0.0,0.0,0.0,0.0,0.0,0.0,0.0,0.0,0.0,-1.0,-1.0,-1.0,-1.0,-1.0,-1.0,-1.0,-1.0,-1.0,-1.0,-1.0,-1.0,-1.0,-1.0,-1.0,-1.0,-1.0,-1.0,-1.0,-1.0,-1.0,-1.0,-1.0
RD\LINC\steps\LoSoTo.Interpolate.cwl,0.0,0.2727272727272727,0.0,3.0,0.16666666666666666,0.7142857142857143,1.5,1.8,-1.0,0.0,28.0,0.0,0.0,0.0,0.17647058823529413,2.25,18.0,0.0,0.0,0.0,0.0,0.21428571428571427,0.0,0.0,0.0,0.23076923076923078,0.0,0.0,0.0,0.0,0.0,0.0,0.0,0.0,22.666666666666668,0.0,0.25,0.0,0.0,0.0,0.0,0.0,0.0,0.0,0.03333333333333333,0.0,0.0,0.0,0.14285714285714285,0.12,0.0,0.0,0.0,0.0,1.0,3.6875,0.0,0.0,0.0,0.0,0.0,0.0,0.0,0.0,0.0,0.0,0.0,0.0,0.0,0.13043478260869565,0.0,0.11538461538461539,0.0,0.0,0.0,0.0,1.75,0.0,0.0,6.0,0.0,0.0,2.0,0.0,3.0,0.0,6.0,0.0,0.25,0.0,6.0,6.0,0.0,0.0,0.17647058823529413,0.2727272727272727,0.0,0.0,0.0,0.13636363636363635,0.13636363636363635,0.0,0.0,0.0,0.0,0.0,0.0,0.0,0.0,0.0,0.0,0.0,0.0,0.0,0.0,0.0,0.0,0.0,-1.0,-1.0,-1.0,-1.0,-1.0,-1.0,-1.0,-1.0,-1.0,-1.0,-1.0,-1.0,-1.0,-1.0,-1.0,-1.0,-1.0,-1.0,-1.0,-1.0,-1.0,-1.0,-1.0
RD\LINC\steps\LoSoTo.Norm.cwl,0.0,8.0,0.0,19.0,0.0,0.0,0.0,0.0,0.0,-1.0,32.0,0.0,38.0,0.0,0.0,0.0,0.0,0.0,32.0,0.6153846153846154,0.0,0.0,0.0,0.0,0.0,0.0,0.0,0.0,0.8,0.0,0.6666666666666666,0.0,1.25,0.0,16.0,0.0,6.4,0.0,0.0,0.0,0.0,0.0,0.0,0.5333333333333333,0.0,0.0,0.0,0.0,0.0,0.0,0.0,0.0,0.0,0.0,0.0,0.0,0.0,0.0,0.0,0.0,0.0,0.0,0.7272727272727273,0.0,0.0,0.0,0.0,0.0,0.0,0.0,0.0,0.0,0.0,0.0,0.0,0.0,0.0,0.0,0.0,0.0,6.0,4.0,0.0,4.0,0.0,6.0,0.0,0.0,0.0,0.0,0.0,0.0,0.0,0.0,0.0,0.0,0.0,0.0,0.0,0.0,0.0,0.0,6.0,3.0,6.4,0.0,0.5333333333333333,0.0,0.0,0.0,0.0,6.0,0.0,0.0,0.0,0.0,6.0,3.0,-1.0,-1.0,-1.0,-1.0,-1.0,-1.0,-1.0,-1.0,-1.0,-1.0,-1.0,-1.0,-1.0,-1.0,-1.0,-1.0,-1.0,-1.0,-1.0,-1.0,-1.0,-1.0,-1.0
RD\LINC\steps\LoSoTo.Plot.cwl,0.0,303.91282051282053,4.0,22.066666666666666,11.7,3.5555555555555554,39.0,4.571428571428571,28.0,32.0,-1.0,24.5,16.0,0.0,81.26315789473684,5.333333333333333,62.666666666666664,0.0,48.0,4.571428571428571,0.0,5.15,0.0,0.0,0.0,6.963636363636364,0.0,0.0,6.441558441558442,0.0,5.05982905982906,0.0,11.11111111111111,0.0,547.3333333333334,12.05,161.88095238095238,0.0,0.0,0.0,0.0,0.0,0.0,30.166666666666668,4.078174603174603,0.0,0.0,0.0,146.5768115942029,12.104575163398692,5.0,0.0,0.0,0.23076923076923078,1.0,1.9583333333333333,0.0,0.0,0.0,0.0,0.0,0.0,5.666666666666667,0.0,0.0,0.0,0.0,0.0,0.0,15.745714285714286,0.0,10.69047619047619,0.0,0.0,0.0,0.0,4.571428571428571,0.0,0.5555555555555556,107.0,129.0,100.0,69.0,81.0,106.0,129.0,107.0,1.5,1.7142857142857142,0.0,56.0,33.666666666666664,35.0,0.0,22.263157894736842,12.846153846153847,22.0,34.0,49.0,20.0,20.88235294117647,0.0,148.0,32.0,101.33333333333333,38.333333333333336,30.166666666666668,0.0,0.0,3.5,9.625,140.0,0.5555555555555556,0.0,11.05,24.0,85.0,41.0,-1.0,-1.0,-1.0,-1.0,-1.0,-1.0,-1.0,-1.0,-1.0,-1.0,-1.0,-1.0,-1.0,-1.0,-1.0,-1.0,-1.0,-1.0,-1.0,-1.0,-1.0,-1.0,-1.0
RD\LINC\steps\LoSoTo.Polalign.cwl,0.0,4.75,0.0,9.0,0.0,0.0,0.0,0.0,0.0,0.0,24.5,-1.0,0.0,0.0,9.0,0.0,0.0,0.0,0.0,0.0,0.0,1.75,0.0,0.0,0.0,0.0,0.0,0.0,0.0,0.0,0.0,0.0,0.0,0.0,7.666666666666667,0.0,1.75,0.0,0.0,0.0,0.0,0.0,0.0,0.0,0.16025641025641024,0.0,0.0,0.0,1.6666666666666667,0.8035714285714286,0.0,0.0,0.0,0.0,0.0,1.25,0.0,0.0,0.0,0.0,0.0,0.0,0.0,0.0,0.0,0.0,0.0,0.0,0.0,1.1,0.0,0.7083333333333333,0.0,0.0,0.0,0.0,0.0,0.0,0.0,5.0,0.0,0.0,2.0,0.0,4.0,0.0,5.0,0.0,0.0,2.3333333333333335,0.0,0.0,0.0,0.0,0.0,1.6666666666666667,0.0,5.0,5.0,1.75,2.0,0.0,0.0,0.0,0.0,0.0,0.0,0.0,0.0,0.0,0.0,0.0,0.0,0.0,0.0,0.0,0.0,0.0,-1.0,-1.0,-1.0,-1.0,-1.0,-1.0,-1.0,-1.0,-1.0,-1.0,-1.0,-1.0,-1.0,-1.0,-1.0,-1.0,-1.0,-1.0,-1.0,-1.0,-1.0,-1.0,-1.0
RD\LINC\steps\LoSoTo.Replicate.cwl,0.0,10.666666666666666,0.0,38.0,0.0,0.0,0.0,0.0,0.0,38.0,16.0,0.0,-1.0,0.0,0.0,0.0,0.0,0.0,16.0,0.6666666666666666,0.0,0.0,0.0,0.0,0.0,0.0,0.0,0.0,0.8888888888888888,0.0,0.7272727272727273,0.0,1.4285714285714286,0.0,10.666666666666666,0.0,8.0,0.0,0.0,0.0,0.0,0.0,0.0,0.5714285714285714,0.0,0.0,0.0,0.0,0.0,0.0,0.0,0.0,0.0,0.0,0.0,0.0,0.0,0.0,0.0,0.0,0.0,0.0,0.8,0.0,0.0,0.0,0.0,0.0,0.0,0.0,0.0,0.0,0.0,0.0,0.0,0.0,0.0,0.0,0.0,0.0,6.0,4.0,0.0,4.0,0.0,6.0,0.0,0.0,0.0,0.0,0.0,0.0,0.0,0.0,0.0,0.0,0.0,0.0,0.0,0.0,0.0,0.0,6.0,3.0,8.0,0.0,0.5714285714285714,0.0,0.0,0.0,0.0,6.0,0.0,0.0,0.0,0.0,6.0,3.0,-1.0,-1.0,-1.0,-1.0,-1.0,-1.0,-1.0,-1.0,-1.0,-1.0,-1.0,-1.0,-1.0,-1.0,-1.0,-1.0,-1.0,-1.0,-1.0,-1.0,-1.0,-1.0,-1.0
RD\LINC\steps\LoSoTo.Reset.cwl,0.0,6.583333333333333,0.0,28.0,28.0,0.0,0.0,0.0,0.0,0.0,0.0,0.0,0.0,-1.0,0.0,0.0,0.0,0.0,0.0,0.3333333333333333,0.2727272727272727,0.25,0.0,0.0,0.0,0.0,0.0,0.0,0.4444444444444444,0.0,0.36363636363636365,0.0,0.7142857142857143,0.0,0.0,0.0,4.2,1.0,0.42857142857142855,0.0,0.0,0.0,0.0,0.2857142857142857,0.043478260869565216,0.0,0.0,0.0,0.0,0.16666666666666666,0.0,0.0,0.0,0.0,0.0,0.0,0.0,0.0,0.0,0.0,0.0,0.0,0.4,0.0,0.0,0.3333333333333333,0.0,0.0,0.0,0.1875,0.0,0.15789473684210525,0.0,0.0,0.5,0.0,0.0,0.0,0.0,3.0,3.0,2.0,2.0,2.0,3.0,3.0,3.0,0.0,0.0,0.5,0.0,0.0,0.0,0.0,3.0,3.0,0.0,1.25,0.0,0.2,0.2,0.5,3.0,0.0,0.0,0.0,0.2857142857142857,0.0,0.0,0.0,2.0,3.0,0.0,4.0,0.0,0.0,3.0,0.0,-1.0,-1.0,-1.0,-1.0,-1.0,-1.0,-1.0,-1.0,-1.0,-1.0,-1.0,-1.0,-1.0,-1.0,-1.0,-1.0,-1.0,-1.0,-1.0,-1.0,-1.0,-1.0,-1.0
RD\LINC\steps\LoSoTo.Residual.cwl,0.0,8.095238095238095,1.6666666666666667,3.0476190476190474,28.0,0.3,9.272727272727273,0.25,0.17647058823529413,0.0,81.26315789473684,9.0,0.0,0.0,-1.0,0.23076923076923078,9.554166666666667,0.0,16.0,0.0,0.0,5.341666666666667,0.0,0.0,0.0,1.3333333333333333,0.0,0.0,0.0,0.0,0.0,0.0,0.0,0.0,16.96309523809524,0.0,2.375,0.0,0.0,0.0,0.0,0.0,0.0,0.6666666666666666,0.20384615384615384,0.0,0.0,0.0,4.0,0.95,0.0,0.0,0.0,0.0,0.9807692307692308,12.491228070175438,0.0,0.0,0.0,0.0,0.0,0.0,0.0,0.0,0.0,0.0,0.0,0.0,0.0,1.0,0.0,0.8541666666666666,0.0,0.0,0.0,0.0,0.39285714285714285,0.0,0.0,10.0,3.0,2.0,6.0,2.0,9.0,3.0,10.0,0.8035714285714286,3.5,3.5,0.375,4.285714285714286,3.0,0.0,2.0,5.5,4.0,3.0,3.0,1.2,1.4,0.0,3.0,0.0,0.0,0.0,0.6666666666666666,0.0,0.0,0.0,2.0,3.0,0.0,0.0,0.0,0.0,3.0,0.0,-1.0,-1.0,-1.0,-1.0,-1.0,-1.0,-1.0,-1.0,-1.0,-1.0,-1.0,-1.0,-1.0,-1.0,-1.0,-1.0,-1.0,-1.0,-1.0,-1.0,-1.0,-1.0,-1.0
RD\LINC\steps\LoSoTo.Reweight.cwl,0.0,0.42857142857142855,0.0,10.25,0.21428571428571427,1.6666666666666667,4.5,9.0,2.25,0.0,5.333333333333333,0.0,0.0,0.0,0.23076923076923078,-1.0,8.5,0.0,0.0,0.0,0.0,0.3,0.0,0.0,0.0,0.3333333333333333,0.0,0.0,0.0,0.0,0.0,0.0,0.0,0.0,4.571428571428571,0.0,0.375,0.0,0.0,0.0,0.0,0.0,0.0,0.0,0.038461538461538464,0.0,0.0,0.0,0.17647058823529413,0.14285714285714285,0.0,0.0,0.0,0.0,0.0,0.9166666666666666,0.0,0.0,0.0,0.0,0.0,0.0,0.0,0.0,0.0,0.0,0.0,0.0,0.0,0.15789473684210525,0.0,0.13636363636363635,0.0,0.0,0.0,0.0,0.5,0.0,0.0,3.0,0.0,0.0,2.0,0.0,3.0,0.0,3.0,0.0,0.375,0.0,3.0,3.0,0.0,0.0,0.23076923076923078,0.42857142857142855,0.0,0.0,0.0,0.16666666666666666,0.16666666666666666,0.0,0.0,0.0,0.0,0.0,0.0,0.0,0.0,0.0,0.0,0.0,0.0,0.0,0.0,0.0,0.0,0.0,-1.0,-1.0,-1.0,-1.0,-1.0,-1.0,-1.0,-1.0,-1.0,-1.0,-1.0,-1.0,-1.0,-1.0,-1.0,-1.0,-1.0,-1.0,-1.0,-1.0,-1.0,-1.0,-1.0
RD\LINC\steps\LoSoTo.Smooth.cwl,0.0,1.3833333333333333,4.5,23.75,0.5218653250773994,2.4583333333333335,7.264285714285714,6.083333333333333,18.0,0.0,62.666666666666664,0.0,0.0,0.0,9.554166666666667,8.5,-1.0,0.0,0.0,0.0,0.0,1.014102564102564,0.0,0.0,0.0,1.112012987012987,0.0,0.0,0.0,0.0,0.0,0.0,0.0,0.0,29.5,0.0,1.232067932067932,0.0,0.0,0.0,0.0,0.0,0.0,0.0,0.15508668779847282,0.0,0.0,0.0,0.4442583732057416,0.5851051122790253,0.0,0.0,0.0,0.0,1.75,8.924089635854342,0.0,0.0,0.0,0.0,0.0,0.0,0.0,0.0,0.0,0.0,0.0,0.0,0.0,0.4042207792207792,0.0,0.5561111111111111,0.0,0.0,0.0,0.0,2.6060606060606064,0.0,0.0,13.0,0.0,0.0,8.0,0.0,12.0,0.0,13.0,0.42857142857142855,0.8034965034965035,0.0,8.0,9.5,4.0,0.0,0.5541666666666667,0.8833333333333333,4.0,0.0,0.0,0.4232919254658385,0.6375776397515528,0.0,0.0,0.0,0.0,0.0,0.0,0.0,0.0,0.0,0.0,0.0,0.0,0.0,0.0,0.0,0.0,0.0,-1.0,-1.0,-1.0,-1.0,-1.0,-1.0,-1.0,-1.0,-1.0,-1.0,-1.0,-1.0,-1.0,-1.0,-1.0,-1.0,-1.0,-1.0,-1.0,-1.0,-1.0,-1.0,-1.0
RD\LINC\steps\LoSoTo.Structure.cwl,0.0,0.0,0.0,0.0,0.0,0.0,0.0,0.0,0.0,0.0,0.0,0.0,0.0,0.0,0.0,0.0,0.0,-1.0,0.0,0.0,0.0,0.0,0.0,0.0,0.0,0.0,0.0,0.0,0.0,0.0,0.0,0.0,0.0,0.0,10.0,0.75,0.0,0.0,0.0,0.0,0.0,0.0,0.0,0.0,0.325,0.0,0.0,0.0,0.0,0.0,0.0,0.0,0.0,3.5,0.0,10.0,0.0,0.0,0.0,0.0,0.0,0.0,0.0,0.0,0.0,0.0,0.0,0.0,0.0,0.0,0.0,0.0,0.0,0.0,0.0,0.0,0.0,0.0,0.0,0.0,4.0,4.0,0.0,2.0,0.0,4.0,0.0,0.0,0.0,0.0,0.0,0.0,0.0,0.0,0.0,0.0,0.0,0.0,0.0,0.0,0.0,0.0,6.0,0.0,0.0,0.0,0.0,0.0,0.0,6.0,0.0,1.0,0.0,0.0,0.75,0.0,0.0,0.0,-1.0,-1.0,-1.0,-1.0,-1.0,-1.0,-1.0,-1.0,-1.0,-1.0,-1.0,-1.0,-1.0,-1.0,-1.0,-1.0,-1.0,-1.0,-1.0,-1.0,-1.0,-1.0,-1.0
RD\LINC\steps\add_missing_stations.cwl,0.0,86.9,0.0,10.666666666666666,8.0,0.0,0.0,0.0,0.0,32.0,48.0,0.0,16.0,0.0,16.0,0.0,0.0,0.0,-1.0,1.3714285714285714,0.0,4.4,0.0,0.0,0.0,4.0,0.0,0.0,1.87012987012987,0.0,1.5042735042735043,0.0,3.111111111111111,0.0,152.0,9.291666666666668,43.0,0.0,0.0,0.0,0.0,0.0,4.7,1.7380952380952381,2.122077922077922,0.0,0.0,0.0,1.6666666666666667,0.0,1.0,0.0,0.0,0.23076923076923078,0.0,183.29166666666666,9.333333333333334,31.833333333333332,0.0,0.0,0.0,0.0,1.6666666666666665,0.0,0.0,0.0,0.0,0.0,0.0,0.0,0.0,0.0,0.0,0.0,0.0,0.0,0.0,0.0,0.5555555555555556,0.0,45.0,40.0,0.0,18.0,0.0,45.0,0.0,0.0,0.0,0.0,0.0,0.0,0.0,0.0,16.0,0.0,0.0,0.0,0.0,0.0,0.0,0.0,67.0,32.0,40.0,5.666666666666667,1.7380952380952381,0.0,4.7,5.0,25.875,69.5,0.5555555555555556,0.0,14.991666666666667,5.0,52.0,29.0,-1.0,-1.0,-1.0,-1.0,-1.0,-1.0,-1.0,-1.0,-1.0,-1.0,-1.0,-1.0,-1.0,-1.0,-1.0,-1.0,-1.0,-1.0,-1.0,-1.0,-1.0,-1.0,-1.0
RD\LINC\steps\aoflag.cwl,0.0,2.6666666666666665,0.0,1.0909090909090908,0.3076923076923077,0.0,0.0,0.0,0.0,0.6153846153846154,4.571428571428571,0.0,0.6666666666666666,0.3333333333333333,0.0,0.0,0.0,0.0,1.3714285714285714,-1.0,0.0,2.555555555555556,0.0,0.0,0.0,4.3,0.0,0.0,1.3333333333333333,1.0,10.0,1.0,3.2,0.0,31.587878787878786,0.0,5.966666666666667,0.0,0.5,0.0,0.0,7.0,0.0,5.0,0.2777777777777778,0.0,0.0,0.0,0.0,0.0,0.0,0.0,0.0,0.5,0.0,0.0,0.0,0.0,0.0,0.0,0.0,0.0,12.0,2.0,0.0,0.0,0.0,0.0,4.0,1.7777777777777777,0.0,0.0,0.0,1.0,16.444444444444443,0.0,0.0,0.0,24.0,6.0,6.0,12.0,2.0,4.0,3.0,6.0,6.0,0.0,0.0,0.0,0.0,0.0,0.0,7.0,0.4,0.0,0.0,0.0,0.0,7.0,6.0,0.0,14.0,0.8,4.9350649350649345,1.0,5.0,0.0,0.0,1.5,1.3333333333333333,10.0,7.0,1.1428571428571428,0.0,0.0,8.0,5.733333333333333,-1.0,-1.0,-1.0,-1.0,-1.0,-1.0,-1.0,-1.0,-1.0,-1.0,-1.0,-1.0,-1.0,-1.0,-1.0,-1.0,-1.0,-1.0,-1.0,-1.0,-1.0,-1.0,-1.0
RD\LINC\steps\applybeam.cwl,0.0,0.5714285714285714,0.0,0.3,0.25,0.0,0.0,0.0,0.0,0.0,0.0,0.0,0.0,0.2727272727272727,0.0,0.0,0.0,0.0,0.0,0.0,-1.0,27.3,0.0,0.0,0.0,1.6666666666666667,0.0,0.0,0.0,0.0,0.0,0.0,0.0,0.0,34.32142857142857,0.0,0.75,0.6666666666666666,5.75,0.0,0.0,0.0,0.0,0.0,0.17424242424242425,0.0,0.0,0.0,0.0,0.9285714285714286,0.0,0.0,0.0,0.0,1.0,0.0,0.0,0.0,0.0,0.0,0.0,0.0,0.0,0.0,0.0,10.25,0.0,0.0,0.0,0.6,0.0,0.8035714285714286,0.0,0.0,3.0,0.0,1.3333333333333333,0.0,0.0,8.0,0.0,0.0,4.0,0.0,6.0,0.0,8.0,3.0,0.375,3.0,0.0,4.0,0.0,0.0,0.3333333333333333,1.1785714285714286,0.0,4.0,0.0,0.75,1.25,9.0,0.0,0.0,0.0,0.0,0.0,0.0,0.0,0.0,0.0,0.0,0.0,0.0,0.0,0.0,0.0,0.0,-1.0,-1.0,-1.0,-1.0,-1.0,-1.0,-1.0,-1.0,-1.0,-1.0,-1.0,-1.0,-1.0,-1.0,-1.0,-1.0,-1.0,-1.0,-1.0,-1.0,-1.0,-1.0,-1.0
RD\LINC\steps\applycal.cwl,0.0,9.666666666666666,0.42857142857142855,1.9204545454545454,2.314102564102564,0.42857142857142855,0.6477272727272727,0.3333333333333333,0.21428571428571427,0.0,5.15,1.75,0.0,0.25,5.341666666666667,0.3,1.014102564102564,0.0,4.4,2.555555555555556,27.3,-1.0,0.0,0.0,0.0,117.0,0.0,0.0,3.7777777777777777,0.0,2.8636363636363638,0.0,6.964285714285714,0.0,395.3831932773109,4.2478354978354975,232.21428571428572,1.8214285714285714,3.166666666666667,0.0,0.0,0.0,0.0,2.103896103896104,2.5446081696081695,0.0,0.0,0.0,2.7261904761904763,4.137996562261268,0.6,0.0,6.5,3.111904761904762,5.8,70.79464285714286,0.0,0.0,0.0,0.0,9.166666666666666,0.0,3.257142857142857,39.0,0.0,4.708333333333334,0.0,0.0,0.0,1.8309523809523809,0.0,3.575280112044818,0.0,0.0,34.71666666666667,0.0,13.0,0.0,70.53333333333333,25.0,52.0,45.0,10.0,26.0,20.0,52.0,25.0,12.75,5.0,4.6,0.6,17.5,0.6,0.0,3.0083333333333333,7.708333333333333,2.25,6.25,2.3333333333333335,2.8617216117216118,5.59029304029304,3.1,71.0,0.0,36.5,5.0,2.103896103896104,23.0,0.0,0.0,18.428571428571427,71.0,51.5,4.333333333333333,4.847835497835498,6.0,65.0,86.33333333333333,-1.0,-1.0,-1.0,-1.0,-1.0,-1.0,-1.0,-1.0,-1.0,-1.0,-1.0,-1.0,-1.0,-1.0,-1.0,-1.0,-1.0,-1.0,-1.0,-1.0,-1.0,-1.0,-1.0
RD\LINC\steps\applytarget.cwl,0.0,0.0,0.0,0.0,0.0,0.0,0.0,0.0,0.0,0.0,0.0,0.0,0.0,0.0,0.0,0.0,0.0,0.0,0.0,0.0,0.0,0.0,-1.0,20.0,0.0,0.0,0.0,0.0,0.0,0.0,0.0,4.0,0.0,0.3333333333333333,5.0,0.75,7.0,0.0,0.0,0.0,0.0,0.0,0.0,0.0,0.3472222222222222,0.0,0.0,0.0,10.0,0.0,1.2,0.0,0.0,0.0,0.0,10.0,0.0,0.0,0.5,0.0,0.0,0.0,0.0,10.0,0.0,0.0,0.0,0.0,0.0,0.0,0.0,0.0,0.0,5.0,0.0,0.0,0.0,10.0,5.0,0.0,6.0,5.0,0.0,3.0,0.0,6.0,0.0,0.0,0.0,0.0,0.0,0.0,0.0,0.0,0.0,0.0,0.0,0.0,0.0,0.0,0.0,0.0,8.0,0.0,0.0,7.0,0.0,0.0,0.0,8.0,0.0,8.0,0.0,0.0,1.95,0.0,0.0,0.0,-1.0,-1.0,-1.0,-1.0,-1.0,-1.0,-1.0,-1.0,-1.0,-1.0,-1.0,-1.0,-1.0,-1.0,-1.0,-1.0,-1.0,-1.0,-1.0,-1.0,-1.0,-1.0,-1.0
RD\LINC\steps\average.cwl,0.0,0.0,0.0,0.0,0.0,0.0,0.0,0.0,0.0,0.0,0.0,0.0,0.0,0.0,0.0,0.0,0.0,0.0,0.0,0.0,0.0,0.0,20.0,-1.0,0.0,0.0,0.0,0.0,0.0,0.0,0.0,0.0,0.0,0.0,0.0,1.2,0.0,0.0,0.0,0.0,0.0,0.0,0.0,0.0,0.2222222222222222,0.0,0.0,0.0,0.0,0.0,0.0,0.0,0.0,0.0,0.0,4.0,0.0,0.0,0.0,0.0,0.0,0.0,0.0,0.0,0.0,0.0,0.0,0.0,0.0,0.0,0.0,0.0,0.0,0.0,0.0,0.0,0.0,0.0,10.0,0.0,4.0,2.0,0.0,2.0,0.0,4.0,0.0,0.0,0.0,0.0,0.0,0.0,0.0,0.0,0.0,0.0,0.0,0.0,0.0,0.0,0.0,0.0,4.0,0.0,0.0,0.0,0.0,0.0,0.0,4.0,0.0,1.5,0.0,0.0,1.2,0.0,0.0,0.0,-1.0,-1.0,-1.0,-1.0,-1.0,-1.0,-1.0,-1.0,-1.0,-1.0,-1.0,-1.0,-1.0,-1.0,-1.0,-1.0,-1.0,-1.0,-1.0,-1.0,-1.0,-1.0,-1.0
RD\LINC\steps\blank_image_reg.cwl,0.0,0.0,0.0,0.0,0.0,0.0,0.0,0.0,0.0,0.0,0.0,0.0,0.0,0.0,0.0,0.0,0.0,0.0,0.0,0.0,0.0,0.0,0.0,0.0,-1.0,0.0,0.0,0.0,0.0,0.0,0.0,0.0,0.0,0.0,48.0,0.0,0.0,0.0,0.0,0.0,0.0,0.0,0.0,0.0,0.9107142857142857,0.0,0.0,0.0,0.0,0.0,0.0,0.0,0.0,9.7,0.0,0.0,0.0,0.0,0.0,0.0,32.0,16.0,0.0,0.0,0.0,0.0,0.0,0.0,0.0,0.0,0.0,0.0,0.0,0.0,0.0,0.0,0.0,0.0,48.0,0.0,16.0,10.0,0.0,9.0,0.0,16.0,0.0,0.0,0.0,0.0,0.0,0.0,0.0,0.0,0.0,0.0,0.0,0.0,0.0,0.0,0.0,0.0,17.0,0.0,0.0,0.0,0.0,0.0,0.0,0.0,0.0,17.0,17.0,0.0,0.0,0.0,17.0,0.0,-1.0,-1.0,-1.0,-1.0,-1.0,-1.0,-1.0,-1.0,-1.0,-1.0,-1.0,-1.0,-1.0,-1.0,-1.0,-1.0,-1.0,-1.0,-1.0,-1.0,-1.0,-1.0,-1.0
RD\LINC\steps\blsmooth.cwl,0.0,10.0,0.5,1.9285714285714284,0.8,0.5,0.7285714285714285,0.375,0.23076923076923078,0.0,6.963636363636364,0.0,0.0,0.0,1.3333333333333333,0.3333333333333333,1.112012987012987,0.0,4.0,4.3,1.6666666666666667,117.0,0.0,0.0,0.0,-1.0,0.0,0.0,5.0,0.0,2.5,0.0,0.0,0.0,203.5,0.9583333333333333,114.76190476190476,0.0,34.666666666666664,0.0,0.0,1.3333333333333333,0.0,0.5714285714285714,0.8638351844234198,0.0,0.0,0.0,2.375,1.05,0.3333333333333333,0.0,0.0,0.8641025641025641,1.0,4.681060606060606,0.0,0.0,0.0,0.0,0.0,0.0,3.3333333333333335,0.0,0.0,33.0,0.0,0.0,0.0,11.425,0.0,0.932067932067932,0.0,0.0,4.833333333333334,0.0,1.5098039215686274,0.0,2.388888888888889,17.0,24.0,23.0,8.0,16.0,12.0,24.0,17.0,3.0,2.0,5.0,0.75,7.5,0.75,1.3333333333333333,1.0,4.0,3.0,5.0,0.0,4.761904761904762,5.261904761904762,3.0,31.0,0.0,12.0,2.0,0.5714285714285714,0.0,0.0,0.0,6.875,31.0,2.388888888888889,2.0,1.2916666666666665,0.0,27.0,12.0,-1.0,-1.0,-1.0,-1.0,-1.0,-1.0,-1.0,-1.0,-1.0,-1.0,-1.0,-1.0,-1.0,-1.0,-1.0,-1.0,-1.0,-1.0,-1.0,-1.0,-1.0,-1.0,-1.0
RD\LINC\steps\check_ateam_separation.cwl,0.0,0.0,0.0,0.0,0.0,0.0,0.0,0.0,0.0,0.0,0.0,0.0,0.0,0.0,0.0,0.0,0.0,0.0,0.0,0.0,0.0,0.0,0.0,0.0,0.0,0.0,-1.0,17.0,0.0,0.0,0.0,12.0,0.0,2.0,6.0,0.0,0.0,0.0,0.0,2.6666666666666665,2.6666666666666665,0.0,0.0,0.0,0.45,0.0,0.0,1.3333333333333333,0.0,0.0,0.0,1.0,0.0,0.0,0.0,0.0,0.0,0.0,0.0,1.0,0.0,0.0,0.0,0.0,0.0,0.0,0.0,4.0,0.0,0.0,0.0,7.0,0.0,9.0,0.0,0.0,0.0,0.0,0.0,5.0,4.0,4.0,3.0,3.0,4.0,4.0,5.0,0.0,0.0,0.0,0.0,0.0,0.0,4.0,0.0,0.0,5.0,0.0,0.0,0.0,5.0,0.0,5.0,0.0,0.0,0.0,0.0,0.0,6.0,11.5,0.0,0.0,0.0,0.0,3.0,0.0,0.0,0.0,-1.0,-1.0,-1.0,-1.0,-1.0,-1.0,-1.0,-1.0,-1.0,-1.0,-1.0,-1.0,-1.0,-1.0,-1.0,-1.0,-1.0,-1.0,-1.0,-1.0,-1.0,-1.0,-1.0
RD\LINC\steps\check_demix.cwl,0.0,0.0,0.0,0.0,0.0,0.0,0.0,0.0,0.0,0.0,0.0,0.0,0.0,0.0,0.0,0.0,0.0,0.0,0.0,0.0,0.0,0.0,0.0,0.0,0.0,0.0,17.0,-1.0,0.0,0.0,0.0,0.0,0.0,0.0,17.0,0.0,0.0,0.0,0.0,7.0,10.0,0.0,0.0,0.0,0.3666666666666667,0.0,0.0,5.0,0.0,0.0,0.0,0.0,0.0,0.0,0.0,0.0,0.0,0.0,0.0,0.0,0.0,0.0,0.0,0.0,0.0,0.0,0.0,17.0,0.0,0.0,0.0,2.0,0.0,10.5,0.0,0.0,0.0,0.0,0.0,8.0,5.0,9.0,4.0,4.0,5.0,5.0,8.0,0.0,0.0,0.0,0.0,0.0,0.0,14.0,0.0,0.0,0.0,0.0,0.0,0.0,8.0,0.0,10.0,0.0,0.0,0.0,0.0,0.0,30.0,21.0,0.0,0.0,0.0,0.0,6.0,0.0,0.0,0.0,-1.0,-1.0,-1.0,-1.0,-1.0,-1.0,-1.0,-1.0,-1.0,-1.0,-1.0,-1.0,-1.0,-1.0,-1.0,-1.0,-1.0,-1.0,-1.0,-1.0,-1.0,-1.0,-1.0
RD\LINC\steps\check_filtered_MS_array.cwl,0.0,4.0,0.0,1.5,0.4,0.0,0.0,0.0,0.0,0.8,6.441558441558442,0.0,0.8888888888888888,0.4444444444444444,0.0,0.0,0.0,0.0,1.87012987012987,1.3333333333333333,0.0,3.7777777777777777,0.0,0.0,0.0,5.0,0.0,0.0,-1.0,0.0,5.0,0.0,20.0,0.0,16.88888888888889,0.0,20.476190476190474,0.0,2.0,0.0,0.0,0.0,0.0,0.8,0.0,0.0,0.0,0.0,0.0,0.0,0.0,0.0,0.0,0.0,0.0,0.0,0.0,0.0,0.0,0.0,0.0,0.0,10.0,0.0,0.0,0.0,0.0,0.0,0.0,0.6666666666666666,0.0,0.0,0.0,0.0,0.6666666666666666,0.0,0.0,0.0,0.0,0.0,2.0,1.0,0.0,1.0,0.0,2.0,0.0,0.0,0.0,0.0,0.0,0.0,0.0,0.0,0.5714285714285714,0.0,0.0,0.0,0.0,0.0,0.0,0.0,2.0,1.1428571428571428,20.5,10.0,0.8,0.0,0.0,0.0,6.666666666666667,2.0,0.0,5.0,0.0,0.0,10.0,27.23809523809524,-1.0,-1.0,-1.0,-1.0,-1.0,-1.0,-1.0,-1.0,-1.0,-1.0,-1.0,-1.0,-1.0,-1.0,-1.0,-1.0,-1.0,-1.0,-1.0,-1.0,-1.0,-1.0,-1.0
RD\LINC\steps\check_removed_groups.cwl,0.0,0.0,0.0,0.0,0.0,0.0,0.0,0.0,0.0,0.0,0.0,0.0,0.0,0.0,0.0,0.0,0.0,0.0,0.0,1.0,0.0,0.0,0.0,0.0,0.0,0.0,0.0,0.0,0.0,-1.0,3.5,0.0,0.0,0.0,0.0,0.0,0.0,0.0,0.0,0.0,0.0,0.0,0.0,5.6,0.3333333333333333,0.0,10.0,0.0,0.0,0.0,0.0,0.0,0.0,0.0,0.0,0.0,0.0,0.0,0.0,0.0,0.0,0.0,0.75,0.0,0.0,0.0,0.0,0.0,0.0,0.0,0.0,0.0,7.0,0.0,0.0,0.0,0.0,0.0,0.0,0.0,5.0,2.0,0.0,2.0,0.0,5.0,0.0,0.0,0.0,0.0,0.0,0.0,0.0,0.0,0.0,0.0,0.0,0.0,0.0,0.0,0.0,0.0,5.0,0.0,0.0,0.0,20.6,0.0,0.0,5.0,0.0,3.5,0.0,0.0,7.0,0.0,0.0,0.0,-1.0,-1.0,-1.0,-1.0,-1.0,-1.0,-1.0,-1.0,-1.0,-1.0,-1.0,-1.0,-1.0,-1.0,-1.0,-1.0,-1.0,-1.0,-1.0,-1.0,-1.0,-1.0,-1.0
RD\LINC\steps\check_unflagged_fraction.cwl,0.0,3.0,0.0,1.2,0.3333333333333333,0.0,0.0,0.0,0.0,0.6666666666666666,5.05982905982906,0.0,0.7272727272727273,0.36363636363636365,0.0,0.0,0.0,0.0,1.5042735042735043,10.0,0.0,2.8636363636363638,0.0,0.0,0.0,2.5,0.0,0.0,5.0,3.5,-1.0,0.0,10.0,0.0,22.92092352092352,0.0,14.546031746031746,0.0,1.4285714285714286,0.0,0.0,0.0,0.0,1.3333333333333333,0.0,0.0,0.0,0.0,0.0,0.0,0.0,0.0,0.0,0.0,0.0,0.0,0.0,0.0,0.0,0.0,0.0,0.0,12.0,10.0,0.0,0.0,0.0,0.0,20.0,0.5,0.0,0.0,0.0,3.5,0.5,0.0,0.0,0.0,0.0,0.0,6.0,6.0,0.0,5.0,0.0,6.0,0.0,0.0,0.0,0.0,0.0,0.0,0.0,0.0,0.4444444444444444,0.0,0.0,0.0,0.0,0.0,0.0,0.0,7.0,0.8888888888888888,13.733333333333334,3.3333333333333335,1.3333333333333333,0.0,0.0,7.0,4.0,7.0,0.0,3.3333333333333335,0.0,0.0,3.3333333333333335,16.444444444444443,-1.0,-1.0,-1.0,-1.0,-1.0,-1.0,-1.0,-1.0,-1.0,-1.0,-1.0,-1.0,-1.0,-1.0,-1.0,-1.0,-1.0,-1.0,-1.0,-1.0,-1.0,-1.0,-1.0
RD\LINC\steps\collectfiles.cwl,0.0,0.0,0.0,0.0,0.0,0.0,0.0,0.0,0.0,0.0,0.0,0.0,0.0,0.0,0.0,0.0,0.0,0.0,0.0,1.0,0.0,0.0,4.0,0.0,0.0,0.0,12.0,0.0,0.0,0.0,0.0,-1.0,0.0,4.5,0.0,0.4,0.0,0.0,0.0,0.0,0.0,0.0,0.0,0.0,0.8444444444444444,0.0,0.0,0.0,0.0,0.0,0.0,1.0,0.0,0.0,0.0,1.0,0.0,0.0,1.0,2.0,0.0,0.0,0.0,0.0,0.0,0.0,0.0,0.0,0.0,0.0,0.0,2.0,0.0,0.0,0.0,0.0,1.0,0.0,0.0,4.0,4.0,3.0,2.0,3.0,4.0,6.0,6.0,0.0,0.0,0.0,0.0,1.0,0.0,0.0,0.0,0.0,0.0,0.0,0.0,0.0,5.0,0.0,12.0,0.0,0.0,0.0,0.0,0.0,0.0,4.0,0.0,0.5,0.0,0.0,8.4,0.0,0.0,0.0,-1.0,-1.0,-1.0,-1.0,-1.0,-1.0,-1.0,-1.0,-1.0,-1.0,-1.0,-1.0,-1.0,-1.0,-1.0,-1.0,-1.0,-1.0,-1.0,-1.0,-1.0,-1.0,-1.0
RD\LINC\steps\compare_station_list.cwl,0.0,7.25,0.0,2.5,0.625,0.0,0.0,0.0,0.0,1.25,11.11111111111111,0.0,1.4285714285714286,0.7142857142857143,0.0,0.0,0.0,0.0,3.111111111111111,3.2,0.0,6.964285714285714,0.0,0.0,0.0,0.0,0.0,0.0,20.0,0.0,10.0,0.0,-1.0,0.0,37.26190476190476,0.0,41.0,0.0,4.333333333333333,0.0,5.0,0.0,5.0,2.2857142857142856,0.25,0.25,0.0,0.0,0.0,0.0,0.0,0.0,0.0,0.0,0.0,0.0,0.0,0.0,0.0,0.0,0.0,0.0,13.333333333333334,0.0,0.0,0.0,0.0,0.0,0.0,1.25,0.0,0.0,0.0,3.5,1.25,0.0,0.0,0.0,0.0,0.0,26.0,21.0,0.0,20.0,0.0,26.0,0.0,0.0,0.0,0.0,0.0,0.0,0.0,0.0,1.0,0.0,0.0,0.0,0.0,0.0,0.0,0.0,27.0,2.0,52.833333333333336,0.0,2.2857142857142856,0.0,10.0,7.0,26.0,20.0,0.0,13.0,7.0,0.0,19.0,105.0,-1.0,-1.0,-1.0,-1.0,-1.0,-1.0,-1.0,-1.0,-1.0,-1.0,-1.0,-1.0,-1.0,-1.0,-1.0,-1.0,-1.0,-1.0,-1.0,-1.0,-1.0,-1.0,-1.0
RD\LINC\steps\compress.cwl,0.0,0.0,0.0,0.0,0.0,0.0,0.0,0.0,0.0,0.0,0.0,0.0,0.0,0.0,0.0,0.0,0.0,0.0,0.0,0.0,0.0,0.0,0.3333333333333333,0.0,0.0,0.0,2.0,0.0,0.0,0.0,0.0,4.5,0.0,-1.0,0.0,0.14285714285714285,0.0,0.0,0.0,0.0,0.0,0.0,0.0,0.0,0.7099567099567099,0.0,0.0,0.0,0.0,0.0,0.0,0.0,0.0,0.0,0.0,0.25,0.0,0.0,1.0,0.0,0.0,0.0,0.0,0.0,0.0,0.0,0.0,0.0,0.0,0.0,0.0,0.6666666666666666,0.0,0.0,0.0,0.0,0.0,0.0,0.0,2.0,2.5,0.0,0.0,0.0,4.0,4.0,1.0,0.0,0.0,0.0,0.0,0.0,0.0,0.0,0.0,0.0,0.0,0.0,0.0,0.0,1.0,0.0,1.3333333333333333,0.0,0.0,0.0,0.0,0.0,0.0,0.3333333333333333,0.0,0.16666666666666666,0.0,0.0,1.1428571428571428,0.0,0.0,0.0,-1.0,-1.0,-1.0,-1.0,-1.0,-1.0,-1.0,-1.0,-1.0,-1.0,-1.0,-1.0,-1.0,-1.0,-1.0,-1.0,-1.0,-1.0,-1.0,-1.0,-1.0,-1.0,-1.0
RD\LINC\steps\concatenate_files.cwl,28.0,189.96428571428572,0.0,57.333333333333336,30.887012987012987,3.2,6.555555555555555,4.0,22.666666666666668,16.0,547.3333333333334,7.666666666666667,10.666666666666666,0.0,16.96309523809524,4.571428571428571,29.5,10.0,152.0,31.587878787878786,34.32142857142857,395.3831932773109,5.0,0.0,48.0,203.5,6.0,17.0,16.88888888888889,0.0,22.92092352092352,0.0,37.26190476190476,0.0,-1.0,26.35432067932068,402.02611555111554,21.666666666666668,126.43333333333334,0.0,0.0,17.0,37.30238095238095,70.22127088597676,17.523398624303862,0.0,0.0,32.833333333333336,86.78701298701299,32.9759657009657,8.471536796536796,0.0,0.0,32.47953712953713,36.3297619047619,182.1643483709273,15.733333333333333,14.6,0.0,0.0,16.0,19.0,16.621733821733823,91.0,17.0,58.89523809523809,10.0,17.0,10.0,92.07500416250416,0.0,28.404410298697425,0.0,17.0,162.16666666666666,8.0,27.02857142857143,10.0,182.9440476190476,82.0,179.0,97.0,40.0,88.0,82.0,179.0,82.0,53.266666666666666,26.866666666666667,35.75,36.5,28.25,7.0,13.5,32.963095238095235,14.964285714285714,5.0,15.5,14.0,49.90151681651682,56.577707292707295,37.75,188.0,48.0,341.23809523809524,31.666666666666668,56.221270885976764,18.0,57.46904761904762,24.0,34.339285714285715,142.1,22.720238095238095,79.0,50.2949050949051,7.0,112.0,46.666666666666664,-1.0,-1.0,-1.0,-1.0,-1.0,-1.0,-1.0,-1.0,-1.0,-1.0,-1.0,-1.0,-1.0,-1.0,-1.0,-1.0,-1.0,-1.0,-1.0,-1.0,-1.0,-1.0,-1.0
RD\LINC\steps\createRMh5parm.cwl,0.0,0.2727272727272727,0.0,0.0,0.0,0.0,0.0,0.0,0.0,0.0,12.05,0.0,0.0,0.0,0.0,0.0,0.0,0.75,9.291666666666668,0.0,0.0,4.2478354978354975,0.75,1.2,0.0,0.9583333333333333,0.0,0.0,0.0,0.0,0.0,0.4,0.0,0.14285714285714285,26.35432067932068,-1.0,0.5307692307692308,0.0,0.0,0.0,0.0,0.0,5.0,0.6,0.25,0.25,0.0,0.0,0.6,0.0,0.0,0.0,0.3333333333333333,0.0,0.75,11.814285714285715,0.0,0.0,0.16666666666666666,0.0,0.3333333333333333,0.0,0.0,1.575,0.0,0.0,0.0,0.0,0.0,0.0,0.0,0.0,0.0,0.5,0.0,0.0,0.0,0.6,1.1,0.0,4.0,9.0,0.0,2.0,0.0,4.0,0.0,0.0,0.0,0.0,0.0,0.0,0.0,0.0,0.0,0.0,0.0,0.0,0.0,0.0,0.0,0.0,11.0,0.0,0.875,0.0,0.75,0.375,10.0,3.5,2.3333333333333335,7.0,0.8035714285714286,0.0,11.0,3.5,3.5,1.0285714285714285,-1.0,-1.0,-1.0,-1.0,-1.0,-1.0,-1.0,-1.0,-1.0,-1.0,-1.0,-1.0,-1.0,-1.0,-1.0,-1.0,-1.0,-1.0,-1.0,-1.0,-1.0,-1.0,-1.0
RD\LINC\steps\ddecal.cwl,0.0,158.77272727272728,1.0,20.797619047619047,4.804166666666667,1.0,1.1666666666666667,0.42857142857142855,0.25,6.4,161.88095238095238,1.75,8.0,4.2,2.375,0.375,1.232067932067932,0.0,43.0,5.966666666666667,0.75,232.21428571428572,7.0,0.0,0.0,114.76190476190476,0.0,0.0,20.476190476190474,0.0,14.546031746031746,0.0,41.0,0.0,402.02611555111554,0.5307692307692308,-1.0,0.3,10.375,0.0,0.0,0.0,0.0,7.1000000000000005,0.729750233426704,0.0,0.0,0.0,12.333333333333334,1.9926739926739927,2.5833333333333335,0.0,0.0,0.487012987012987,1.1333333333333333,4.1531746031746035,0.0,0.0,0.0,0.0,0.0,0.0,17.0,0.0,0.0,3.125,0.0,0.0,0.0,10.272727272727273,0.0,1.5892857142857142,0.0,0.0,38.99267399267399,0.0,1.1875,0.0,1.2142857142857144,24.0,50.0,50.0,12.0,32.0,15.0,50.0,24.0,6.5,4.678571428571429,2.9285714285714284,1.6666666666666667,18.428571428571427,1.6666666666666667,0.0,10.03076923076923,10.7012987012987,9.0,11.5,2.6666666666666665,8.3,8.728571428571428,19.6,68.0,16.0,30.333333333333332,15.0,8.266666666666667,0.0,0.0,10.5,9.38888888888889,68.0,1.2142857142857144,5.0,3.114102564102564,20.0,58.0,32.5,-1.0,-1.0,-1.0,-1.0,-1.0,-1.0,-1.0,-1.0,-1.0,-1.0,-1.0,-1.0,-1.0,-1.0,-1.0,-1.0,-1.0,-1.0,-1.0,-1.0,-1.0,-1.0,-1.0
RD\LINC\steps\ddecal_array.cwl,0.0,17.0,0.0,1.25,0.8333333333333334,0.0,0.0,0.0,0.0,0.0,0.0,0.0,0.0,1.0,0.0,0.0,0.0,0.0,0.0,0.0,0.6666666666666666,1.8214285714285714,0.0,0.0,0.0,0.0,0.0,0.0,0.0,0.0,0.0,0.0,0.0,0.0,21.666666666666668,0.0,0.3,-1.0,3.5,0.0,0.0,0.0,0.0,0.0,0.1984126984126984,0.0,0.0,0.0,0.0,0.23076923076923078,0.0,0.0,0.0,0.75,0.0,0.0,0.0,0.0,0.0,0.0,0.0,0.0,0.0,0.0,0.0,1.0,0.0,0.0,0.0,0.2727272727272727,0.0,0.21428571428571427,0.0,0.0,8.666666666666666,0.0,0.0,0.0,13.0,9.0,5.0,8.0,4.0,4.0,5.0,5.0,9.0,0.0,2.5,7.0,0.0,0.0,0.0,0.0,1.6666666666666667,10.0,0.0,9.0,0.0,0.3,0.3,7.0,9.0,0.0,0.0,0.0,0.0,0.0,0.0,0.0,0.0,9.0,0.0,0.0,0.0,10.0,0.0,0.0,-1.0,-1.0,-1.0,-1.0,-1.0,-1.0,-1.0,-1.0,-1.0,-1.0,-1.0,-1.0,-1.0,-1.0,-1.0,-1.0,-1.0,-1.0,-1.0,-1.0,-1.0,-1.0,-1.0
RD\LINC\steps\dp3_addcol.cwl,0.0,1.3333333333333333,0.0,0.5,0.375,0.0,0.0,0.0,0.0,0.0,0.0,0.0,0.0,0.42857142857142855,0.0,0.0,0.0,0.0,0.0,0.5,5.75,3.166666666666667,0.0,0.0,0.0,34.666666666666664,0.0,0.0,2.0,0.0,1.4285714285714286,0.0,4.333333333333333,0.0,126.43333333333334,0.0,10.375,3.5,-1.0,0.0,0.0,0.0,0.0,0.4,0.28869047619047616,0.0,0.0,0.0,0.0,0.606060606060606,0.675,0.0,0.0,0.0,0.0,0.0,0.0,0.0,0.0,0.0,0.0,0.0,1.6666666666666667,0.0,0.0,30.5,0.0,0.0,0.0,29.895238095238096,0.0,0.55,0.0,0.0,76.1,0.0,0.0,0.0,0.0,8.0,9.0,9.0,4.0,6.0,6.0,9.0,8.0,0.0,0.75,8.0,0.0,0.0,0.0,0.0,0.6,2.5,0.0,8.0,0.0,0.875,0.875,9.0,12.0,0.0,0.0,0.0,0.4,0.0,0.0,0.0,12.0,12.0,0.0,8.0,0.675,0.0,12.0,0.0,-1.0,-1.0,-1.0,-1.0,-1.0,-1.0,-1.0,-1.0,-1.0,-1.0,-1.0,-1.0,-1.0,-1.0,-1.0,-1.0,-1.0,-1.0,-1.0,-1.0,-1.0,-1.0,-1.0
RD\LINC\steps\dp3_make_parset_cal.cwl,0.0,0.0,0.0,0.0,0.0,0.0,0.0,0.0,0.0,0.0,0.0,0.0,0.0,0.0,0.0,0.0,0.0,0.0,0.0,0.0,0.0,0.0,0.0,0.0,0.0,0.0,2.6666666666666665,7.0,0.0,0.0,0.0,0.0,0.0,0.0,0.0,0.0,0.0,0.0,0.0,-1.0,0.0,9.0,0.0,0.0,0.39285714285714285,0.0,0.0,0.0,0.0,3.5,0.0,0.0,0.0,0.0,0.0,0.0,0.0,0.0,0.0,0.0,0.0,0.0,0.0,0.0,0.0,0.0,0.0,0.0,0.0,0.0,0.0,3.333333333333333,0.0,0.0,0.0,0.0,0.0,0.0,0.0,16.0,0.0,0.0,1.0,0.0,4.0,0.0,16.0,0.0,0.0,0.0,0.0,0.0,0.0,18.0,0.0,0.0,0.0,0.0,0.0,0.0,18.0,0.0,0.0,0.0,0.0,0.0,0.0,0.0,0.0,0.0,0.0,0.0,0.0,0.0,0.0,0.0,0.0,0.0,-1.0,-1.0,-1.0,-1.0,-1.0,-1.0,-1.0,-1.0,-1.0,-1.0,-1.0,-1.0,-1.0,-1.0,-1.0,-1.0,-1.0,-1.0,-1.0,-1.0,-1.0,-1.0,-1.0
